20
3
1.83875 16.5487 6.74207 
-1.83875 8.27436 3.06458 
-1.0726 15.4761 5.97593 
-5.36301 7.04853 0.306458 
-1.37906 8.27436 3.83072 
3.52426 4.90332 0.153229 
-3.37104 10.4196 6.12916 
1.0726 3.52426 -1.68552 
1.53229 3.52426 -1.68552 
-5.36301 5.8227 -0.459687 
4.59687 7.20176 1.99198 
-0.153229 13.1777 7.50822 
-0.459687 3.52426 -2.60489 
-2.75812 5.8227 -1.37906 
1.99198 9.34696 4.90332 
-4.44364 7.66145 3.37104 
4.13718 5.66947 0.459687 
-3.37104 5.8227 -2.45166 
-5.20978 6.8953 0.459687 
5.20978 8.73405 3.37104 
