GRT_LABELLED_TIME_SERIES_CLASSIFICATION_DATA_FILE_V1.0
DatasetName: ACCELERATORData
InfoText: This dataset contains 7 ACCELERATOR timeseries gestures: 1, 2, 3, 4, 5, 6, 7.  There are 8 recording of each gesture. 1 is class 1, 2 is class 2, 3 is class 3, 4 is class 4, 5 is class 5, 6 is class 6, 7 is class 7.
NumDimensions: 3
TotalNumTrainingExamples: 1
NumberOfClasses: 1
ClassIDsAndCounters: 
-1	1
UseExternalRanges: 0
LabelledTimeSeriesTrainingData:
************TIME_SERIES************
ClassID: -1
TimeSeriesLength: 31
TimeSeriesData: 
1.2258313 7.8146744 5.363012 
1.3790601 8.42759 4.2904096 
1.532289 8.274361 3.371036 
1.685518 8.42759 3.371036 
1.8387469 8.42759 2.4516625 
2.6048915 8.121132 2.1452048 
3.371036 7.967903 1.2258313 
5.363012 7.201759 -1.2258313 
9.040505 8.580819 -2.6048915 
11.492168 7.201759 -2.7581203 
13.177686 6.129156 -3.217807 
15.935806 5.363012 -1.532289 
18.08101 5.9759274 -1.0726024 
19.153614 4.7500963 1.8387469 
19.153614 3.9839516 4.1371803 
19.153614 2.6048915 5.209783 
19.153614 1.2258313 7.5082164 
19.153614 1.532289 9.193734 
19.153614 1.2258313 9.653421 
19.153614 -0.30645782 12.411542 
19.153614 -0.91937345 14.403518 
19.153614 -0.61291564 16.242264 
19.153614 -0.15322891 16.85518 
19.153614 1.0726024 17.314867 
19.153614 -0.30645782 18.387468 
18.847157 -0.7661445 18.847157 
17.314867 1.532289 18.847157 
14.863204 2.4516625 18.847157 
11.645397 3.217807 17.468096 
12.258312 3.8307228 18.693928 
8.274361 4.4436383 18.847157 

